-------------------------------------------
**[51]** **[7]**

                       [52]
                       [53]
                       [54]
                       [55]
                            **[12]**
                       [56]
                          [13] [14] 228/24
                           [57]
                                  [43]
                           [58]
                           [59]
                           [60]
                           [61]     [44]
                                   [46]
                           [62]
                               [47]
                           [63]
                               [48]

                                 [50]



            [78]    [75]   [71]    [64]





     2022      [84]
-------------------------------------------
Token count: 128